emb_eff: 0.9758997559547424
emb_pur: 0.21410350501537323
fil_eff: 0.9745832085609436
fil_pur: 0.28068068623542786
gnn_eff: 0.0
gnn_pur: .nan
