emb_eff: 0.9894327521324158
emb_pur: 0.2933735251426697
fil_eff: 0.9834873676300049
fil_pur: 0.27998754382133484
gnn_eff: 0.7176434993743896
gnn_pur: 0.702161431312561
