emb_eff: 0.9729686379432678
emb_pur: 0.2244236320257187
fil_eff: 0.9653602838516235
fil_pur: 0.2649611830711365
gnn_eff: 0.0
gnn_pur: .nan
