emb_eff: 0.9968448877334595
emb_pur: 0.27906283736228943
fil_eff: 0.9948633909225464
fil_pur: 0.36114946007728577
gnn_eff: 0.9553033113479614
gnn_pur: 0.9503365159034729
