emb_eff: 0.9972590804100037
emb_pur: 0.28365403413772583
fil_eff: 0.9962649345397949
fil_pur: 0.28218817710876465
gnn_eff: 0.9530871510505676
gnn_pur: 0.9463769197463989
