emb_eff: 0.9910720586776733
emb_pur: 0.260393887758255
fil_eff: 0.9959
fil_pur: 0.2448
gnn_eff: 0.0
gnn_pur: .nan
