emb_eff: 0.9956297278404236
emb_pur: 0.262693852186203
fil_eff: 0.9948772192001343
fil_pur: 0.3382263481616974
gnn_eff: 0.9821116924285889
gnn_pur: 0.8642914295196533
