emb_eff: 0.9842634797096252
emb_pur: 0.29658281803131104
fil_eff: 0.9883448481559753
fil_pur: 0.28060096502304077
gnn_eff: 0.0
gnn_pur: .nan
