emb_eff: 0.978768527507782
emb_pur: 0.2181335836648941
fil_eff: 0.9801197648048401
fil_pur: 0.2655346691608429
gnn_eff: 0.0
gnn_pur: .nan

