emb_eff: 0.9967343807220459
emb_pur: 0.2814345359802246
fil_eff: 0.9952362179756165
fil_pur: 0.3691006600856781
gnn_eff: 0.9745655655860901
gnn_pur: 0.9173376560211182
