emb_eff: 0.911482572555542
emb_pur: 0.0645073726773262
