emb_eff: 0.9850870966911316
emb_pur: 0.2381877601146698
fil_eff: 0.9823994636535645
fil_pur: 0.38314947485923767
gnn_eff: 0.9250397086143494
gnn_pur: 0.8654875159263611
