emb_eff: 0.9911027550697327
emb_pur: 0.2963602840900421
fil_eff: 0.9734398722648621
fil_pur: 0.2704329490661621
gnn_eff: 0.0
gnn_pur: .nan
