emb_eff: 0.9966175556182861
emb_pur: 0.2872340977191925
emb_eff: 0.9962541460990906
emb_pur: 0.29805222153663635
emb_eff: 0.9943463206291199
emb_pur: 0.29550930857658386
emb_eff: 0.9932560920715332
emb_pur: 0.29133281111717224
fil_eff: 0.9934238195419312
fil_pur: 0.39916378259658813
fil_eff: 0.9936614036560059
fil_pur: 0.43390095233917236
fil_eff: 0.9932001829147339
fil_pur: 0.43761777877807617
fil_eff: 0.9933050274848938
fil_pur: 0.403764545917511
gnn_eff: 0.9934581518173218
gnn_pur: 0.40949586033821106
gnn_eff: 0.9934581518173218
gnn_pur: 0.40949586033821106
gnn_eff: 0.9934581518173218
gnn_pur: 0.40949586033821106
gnn_eff: 0.8702629804611206
gnn_pur: 0.8669314980506897
