emb_eff: 0.994681715965271
emb_pur: 0.2957410514354706
emb_eff: 0.99505215883255
emb_pur: 0.3016476035118103
emb_eff: 0.994220495223999
emb_pur: 0.29614418745040894
emb_eff: 0.9908380508422852
emb_pur: 0.28334665298461914
