emb_eff: 0.994681715965271
emb_pur: 0.2957410514354706
emb_eff: 0.99505215883255
emb_pur: 0.3016476035118103
emb_eff: 0.994220495223999
emb_pur: 0.29614418745040894
emb_eff: 0.9908380508422852
emb_pur: 0.28334665298461914
fil_eff: 0.9923964738845825
fil_pur: 0.40536320209503174
fil_eff: 0.9922008514404297
fil_pur: 0.4348156452178955
fil_eff: 0.9922567009925842
fil_pur: 0.4326076805591583
fil_eff: 0.9924384355545044
fil_pur: 0.4307680130004883
gnn_eff: 0.7900192141532898
gnn_pur: 0.8095824718475342
gnn_eff: 0.7980661988258362
gnn_pur: 0.7691110968589783
gnn_eff: 0.8581058979034424
gnn_pur: 0.8611106872558594
gnn_eff: 0.78895103931427
gnn_pur: 0.7629387974739075
