emb_eff: 0.9997178912162781
emb_pur: 0.11782624572515488
emb_eff: 0.9997591376304626
emb_pur: 0.11819740384817123
emb_eff: 0.9997522830963135
emb_pur: 0.11832134425640106
emb_eff: 0.9997660517692566
emb_pur: 0.11591579020023346
fil_eff: 0.9952862858772278
fil_pur: 0.1607983261346817
fil_eff: 0.9953413605690002
fil_pur: 0.17571070790290833
fil_eff: 0.9960088133811951
fil_pur: 0.17677253484725952
fil_eff: 0.9950041770935059
fil_pur: 0.16483810544013977
gnn_eff: 0.8714630007743835
gnn_pur: 0.8439584970474243
gnn_eff: 0.8563504219055176
gnn_pur: 0.8280895352363586
gnn_eff: 0.8754900693893433
gnn_pur: 0.8585838079452515
gnn_eff: 0.860297441482544
gnn_pur: 0.8283033967018127
